AE00120170030129  03   42146 74 64 36  23245                                 0  25
AE00150450020105060223000002 17 16  5  1.632429999990000 0 0000001204        2  04
AE00150470010144      041006 74 40 23  10306                                 0  26
AE00300130010106050317000002 33 12  3  1.202439999990000 0 20000031             22
AE00850070010105060222000002 23 20  5    20223  7  41420 0 10005031             22
AE00970190010106  0223221001 44 29  9 15.70113 24  71211 1 00014131          0  21
AE00970200010129  03   00009 73 33 26 50.441979989986530 0 00047024          0  15
AE00970250010106  0220231003 48 35 14 21.901379999990002 1 000108            0  21
AE00970340030142  16   00149 60 33 25 52.941 7      68      00  036          0  12
AE01120130010106050227012001 34 31  6  5.10115 10  51422999900110            0  21
AE01120130020106051517012003 51 40 12 18.40125 17  7122199 100018            0  21
AE01150100010105060227000006 39 25  8  7.91163 15  51320 2998609131043131    2  08
AE01210130010106050422000006 25 15  4  1.502779999990000989800100            0  22
AE01340210010106  0723411001 37 17  4  2.70115 14  41221 19913191            0  21
AE01350200010106050423000001 25 20  6  2.70116 10  51120999900258            0  21
AE01450210010106051648022002 24 21  3    202339999990001 09900100            0  22
AE01450210020103061121403001 29 17  6  3.30115  8  51221999900238            0  21
AE01590070010143  1318043809 29 26  7  5.305979999990004989800000            0  25
AE01590070020106  1618011001 21 11  8  1.7069799999900029898864              0  26
AE02110110010106050310000006 18 14  3  1.132819999990000 0990000031311306    B2 03
AE02190080010111  1648053722 19 15  5    102479999990004989886000            0  22
AE02280150010111  1640000723 24 17  6  2.20164  8  53520989886010            0  21
AE02480070010105  0223412006 38 33 16 24.431819999990002 099000003106        2  09
AE02500100010101  0323000002 20 15  3  0.802879999990000 09900000            0  22
AE02510180010106  0222201006 28 14  3  1.402779999990002 0 10010131          0  22
AE02510200010142  03   23009139 90 22261.245                                 0  25
AE02520090010111  1648000722 23 18  5  2.902439999990000989800000            0  22
AE02530080010111  1648000722 26 23  4  2.302479999990000 0 2000003131        0  22
AE02530080020111  1648000722 23 22  5  2.902479999990000 0 20000031          0  22
AE02540360010105060223012001 24 20  6  2.60112 10  4142299 00013816          0  21
AE02820130010105  0220402002 14 12  3  0.301439999990002 09900000            0  21
AE02850490010105060223000002 48 15  6  4.52264  6  3112099 3000311331        2  03
AE02850490020106051521012851 26 20  5  2.40113  7  31122989800190            0  21
AE02850490030106  0227211001 54 27 17 27.10112 11  61221999900241            0  21
AE02880370010106050413032001 44 35 12 17.13114 24  91221 1980017809          0  11
AE02980130010143      041009 25 20  7  2.705                                 0  25
AE03400170010103060313000002 38 27  5    832439999990000 0 30000331313805    0  07
AE03400190010121      041001 35 28 18   2306                                 0  26
AE03400380010105  0227402002 29 22  9  3.802479999990001 0993100431             22
AE03480130010105060223000001 31 29  8  6.90113 10  41310 2 000111            0  21
AE03480130020105060223000006 19 14  2  0.50187999999000098980000031             21
AE03480130030111  1648053559 19 13  6  0.901879999990004989800000            0  21
AE03480130040103061021000006 29 19  3  1.31183999999000098980000001             01
AE03530140010111  1648050426 17 16  7  1.70166 10  42130989800090            0  21
AE03840150010105060223000002 27 21  5  2.70224  5  31120 0 20003131          0  22
AE04470090010142      041161106 51 50  39106                                 0  26
AE04470090020144      041851 84 65 45  29406                                 0  26
AE04530140010111  1640053426 18 15  4  1.102879999990004 0 000000            0  22
AE04560080010144      041009 34 28  7  8.405                                 0  25
AE04630170010111  1648053426 17 13  2  0.504979999990004989800000            0  24
AE04630170020111  1640053426 10  7  2  0.204979999990004989800000            0  24
AE04630170030111  1648053426 16 10  2  0.304979999990004989800000            0  24
AE04630170040111  1648353729 26 25  5    241679999996534989886010            0  21
AE04630170050111  1648353723 31 10  7  1.64157  5  35534989886110            0  21
AE04630170060111  1648353729 33 26  7  4.24167 11  65534989886070            0  21
AE04630170070111  1648353729 21 20  4  1.841979999996534989886400            0  21
AE04630170080106050325000001 21 16  5  1.50112  8  21220 0990011016          0  21
AE04630170090105060222000002 34 14  3  1.902479999990000 0 3000013131        0  22
AE04640200010106050325403006 56 34 17 33.70161 17  61221 1 2000131631        0  21
AE04940140010144      041009 28 20  7    505                                 0  25
AE04940430010111  1618011169 37 24 10    805979999990004989800000            0  25
AE04940960010106  1120231009 12  9  5  0.605979999990004989800000            0  25
AE04950740010101030330000006 30 16  4  1.431949999990000 0990000001          0  01
AE04960340010105060227000002 74 21  8 11.132449999990000 0 300001313105         07
AE05030090010144      041001 63 40 32   9606                                 0  26
AE05030090020117      043009 51 23 19 23.105                                 0  25
AE05050170010106051022000006 28 12  3  1.231879999990000 0980000001          0  01
AE05100200010166      041009 29 24  8  7.305                                 0  25
AE05100200020166      041009 18 11  5  1.505                                 0  25
AE05100200030166      041009 15  6  5  0.705                                 0  25
AE05120220010105060222000002 24 18  3  0.90123  8  21320 1 100010            0  21
AE05120220020103  0920402001 18 18  2  0.70113 10  31121 09900110            0  21
AE05240320010106050322000001 33 20  6  3.40111 25  61120999800140            0  21
AE05300250010106  1030351003 22 16  5  2.10122 13  5112199 000031            0  21
AE05440320010144       41009 56 42 28 99.940                     3124           15
AE05460160010144      041009 50 43 33   9906                                 0  26
AE05870310010106050423000006 30 28  9  8.90146999999000099 200000383111      2  21
AE05871400010118       00003 51 23 12 15.205979999990004989800000            0  25
AE06000140010105060130000003 21 12  5  1.20167  5  45320999900010            0  21
AE06760150010106051120000001 12  9  1  0.20193  5  1162098980013031          0  21
AE07080130010105060222000006 18 13  3  0.83287999999000098980000001             01
AE07080140010103061020402006 26 15  4  1.331879999990002 0 00000001          0  01
AE07080150010106050312000006 22 17  3  0.921879999990000 0 00000001          0  01
AE07080200010110  1012000006 33 16  3  1.432749999990000 0 20010001             01
AE07080260010105060227000006 32 18  4  1.831879999990000 0 00000001          0  01
AE07080270010106051010052006 22 16  3  0.821879999990004 0 00000001          0  01
AE07080280010106051026012006 22 17  3  1.241879999990001 0 00000001          0  01
AE07080350010105060225012006 17 15  3  0.711879999990002 0 00000001          0  01
AE07160110010105            999999999  999 19                    01             01
AE07160340010106050310000006 31 18  4  1.622859999990000 0 20000001          0  01
AE08210200010105060220000003 22 19  4  1.902429999990000 0990000431          0  22
AE09240080010144      051719150 73 51  55703                                 0  23
AE09240090010106051522012009 39 28 11 11.70497999999000498980000031          0  24
AE09240140010142  16   53456 49 42 26 46.145                                 0  25
AE10410070010106  1648221161 21 14 11  2.405979999990004989800000            0  25
AE10410200010106050323000006 26 22  5  2.70164 15  4111099 10003131             21
AE10470070020142      000009 58 46 40 81.205                                 0  25
AE10820140010143       41009 77 64 27220.643                                 0  23
AE10840060010106051025000002 20 18  5  1.50223  7  41420 09900034            0  22
AE10960060010105  0222422001 53 31 13 24.50116  8  61312999800248            0  21
AE11460130010111  1648000226 28 20  5  3.50224  9  43420 2 100090               22
AE11460210010106050325000006 46 39 11 17.23187999999000099 2650080531           07
AE11800150010106050323012001 53 40  9 14.50111  9  5112299990011031          0  21
AE11800160010144      041769 83 59 24  16906                                 0  26
AE11800380010105  0223422001 67 26 18 23.10114 20 13111199 01303731             21
AE11800380020105060222000002 38 19  5    402479999990000 0 30000131          0  22
AE11850130010105060127012001 34 17 11  6.10114  4  3152199 16229031             21
AE11990080010105060226000001 39 20  9  5.90113  6  3652099996113816             21
AE11990100010103060923010006 40 11  8  3.33287999999000099 100004310211      2  02
AE11990100020105060222000002 21 14  5  1.532439999990000 0990000004          0  08
AE11990350010166      041009122 64 39  33233                     15          0  19
AE11990410010106050323000002 39 29  7  7.63263 12  61120 2 10003106          0  09
AE11990410020105  0221402006 27 18  6  2.70122 12  63121 0 100038            0  21
AE11990410030101090230000006 27 13  3  0.932879999990000 0 20000001          0  01
AE12250080010105060222000002 18 17  4  0.901239989981620999900033            0  21
AE12330100010105060223012002 35 27  9 10.60223 12  51121 1 1000913131        0  22
AE12330100020106050313000002 34 23  5  5.93224  9  41120 2 100031100431      2  08
AE12330250010105060227403002 24 16  4  1.932479999990001 099000011412        2  04
AE12330320010144      041462101 80 74  79106                                 0  26
AE12360130010105060226022002 32 29  8    73122  7  31122 099000383106        2  09
AE12540130010103  0720000006 30 22  6  3.91264  7  3132099 20009131043131    2  08
AE12680250010105  0422452003 42 29 10 12.431259989986511 0 20004005          0  07
AE12950070010103050320402003 31 17  6  3.501379999990003 0 000400            0  21
AE12950150010105060232000003 22 20  6    32126  8  5132099990003004          0  08
AE12960190010105060222000001 20 18  4  1.60114 10  35120999900428            0  21
AE13080140010106050610000003 18 14  3    102479999990000 09900000            0  22
AE13080150010129  16   00129 79 67 61  42845                     22          0  25
AE13110150010105060222000006 24 15  3  1.301879999990000 099000003131        0  21
AE13110150020105060220000009 10  8  4  0.404979999990000989800000            0  24
AE13110150030105060228000002 20 11  5  0.801479999990000989886000               21
AE13160080010105060237000002 41 27  8  9.10123 14  71420 0 1220183131        0  21
AE13160260010111  1648003426 15 13  3  0.601879999990004989800000            0  21
AE13170090010111  1648403002 44 27 10 10.73223 16  71531 1 20003104          0  08
AE13170090020106050324000002 34 18  6  3.83223  7  41120 199000113104        2  08
AE13170090030105010336402006 39 31  9 13.331879999990001 0 20000031043104    22 08
AE13170090040106050325012001 34 25  7  5.60114 11  415329999002483116        0  21
AE13170090050105  1020402001 37 22  7    501149989981722999800140            0  21
AE13170090060105  1020402001 22 14  3    10113  7  25121999900130            0  21
AE13170090070106051020423002 15 12  3  0.40197  9  31423 0 000090            0  21
AE13170090080106050312000001 32 27 10  8.101159989981620 0 153160            0  21
AE13170090090106050212000001 26 23  5  2.70114 17  6112099 100144            0  21
AE13170090100106050213000003 23 20  8    30126 18  4162099 080030            0  21
AE13170120020144      041853 47 38 36   9006                                 0  26
AE13170120030144      041009 38 31  6   1005                                 0  25
AE13170120040144      041004 40 21 18   2006                                 0  26
AE13170120050142      041004 55 31 14   2905                                 0  25
AE13170120060144      041001122 51 43  34206                                 0  26
AE13170120070142      041001 41 15  9  6.406                                 0  26
AE13170120080166      041001 44 25 10 18.605                                 0  25
AE13170120090143       41009 76 46 24118.906                                 0  26
AE13170320010105060226000001 29 23  6  4.10115 10  53420 19900188            0  21
AE13170320020105060226012002 30 22  8  4.802479999990001 0 20000131          0  22
AE13170320030105  1020402002 20 14  6  0.901379999990002989800100               21
AE13170410010105060223000001 24 17  4  1.30112  4  35120 09900110            0  21
AE13170410020105060220000001 13 13  2  0.20113  5  11620989800170            0  21
AE13170430010105060232000002 35 25  6  4.40124 14  51320 1 100011            0  21
AE13170430020105  0222402001 28 16  7  3.70117 14  41234989800000            0  21
AE13350070010111  1648053729 21 20  8  2.101979999990004989800400            0  21
AE13350120020129  16   00149 49 48 18 36.845                                 0  25
AE13350200010105  0320402003 23 18  5  2.602479999990001 0990000031          0  22
AE13350200020111  1640053726 17 12  5  0.801879999990004989800000            0  21
AE13350200030106050332000002 28 18  5  3.332479999990000 0 2000013104        2  08
AE13350200040106050420012001 20 18  7    30111  4  2122199990013031          0  21
AE13350200050105060222000002 44 26  8   1032479999990000 0 4000010931131004  B2203
AE13400330010106050322000003 19 16  3  1.102479999990000 09900001            0  22
AE13680840010106050314000001 42 28  6  5.50113 12  5132099 10013731          0  21
AE13681040010142      041159140 85 50  73736                     15          0  19
AE13682360010106  1640221009 14 14  7  1.705979999990004989800000            0  25
AE13682690010106051020012006 37 27  8  7.90164  7  334229999000903116        0  21
AE13684200010144      041009 65 38 14   4705                     38             59
AE13684270010111  1640000002 24 17  4  1.702479999990000 0 20000031          0  22
AE13684340010105060234303002 24 16  4    20223  8  314219999000213131        0  22
AE14090130010111  1648053742 71 25  6    932479999990004 0 300000310512      0  04
AE14310060010106050314000001 28 20  7  4.101139989981630 09980298            0  21
AE14310170010105  0220402003 20  9  6  1.201379999990002 09900201            0  21
AE14510070010106051120012006 44 25  6  5.502779999990002 0 1004013131        0  22
AE15300060010144      041002 78 46 29  16336                     1525        0  17
AE15300060020142      041569 79 59 49  26905                                 0  25
AE15300210010105060232000002 26 21  7  4.102479999990000 099000013131        0  22
AE15990070010101  0333000006 25 18  7  3.532819999990000 0990000031050608    2  07
AE15990080010105060223000002 28 22  4    332439999990000 09900001311205      B  04
AE15990130010111  1648053729 30 23 11    604979999990004989800000            0  24
AE16010130010144       41006 82 50 17 79.840                     24          0  15
AE16680200010105060222000002 26 17  5  2.90223 10  31420999900011            0  22
AE16680200020105  0237402001 59 51 27   543113 28  81221 1 153358310631      2  09
AE17200130010106050320000002 22 13  6  1.201379999990000 19900101            0  21
AE17300160010101050320000003 29 17  8  3.602479999990000 09900000            0  22
AE17310140010106050316000003 28 24  6  4.231479999990000 0 20000005          0  07
AE17310140020111  1648053729 27 18  8  2.901879999990004 0 100000            0  21
AE17310140030111  1648353456 13 10  5  0.401779999990004989800100            0  21
AE17390160010105060223000001 35 27  6  4.81123  8  55120 0 2000910531        0  07
AE17740170010103060312000001 39 30 10 11.13113 21 101320 0 20011005          0  07
AE18010080010166      041009122 56 14  15305                                 0  25
AE18010100010108060310000006 40 18  6  4.532849999990000 0 2000001331040632  2B 03
AE18010260010105  0136402001 38 35 15 15.901339999990001 0 20020331          0  21
AE18010260020105060237000001 55 24 19 19.301139989981420 19923338            0  21
AE18010260030105060220301006 36 22  6  5.602479999990002 0 20000031          0  22
AE18580280010105  0226402003 53 34 15   2901219989981221 1 123018            0  21
AE18710250010142      041462 61 47 46  12706                                 0  26
AE18710250020144      041104 71 43 34  13205                                 0  25
AE18710250030121      041411103 62 59  45603                                 0  23
AE18710310010106050310052002 28 24  6  4.50122 13  51424 09800090            0  21
AE19070110010129  03   43001 58 42 20 66.80117      6            36             12
AE19070110020129  03   00001 79 58 41171.64117 46 31183098980017026          0  16
AE19070150010111  1623012146 25 18  6  2.822479999990002 0 100001020631         02
AE19070170020166      041003 71 24 15   4406                                 0  26
AE19070170020129  03  000009 34 32 18   2005                                 0  25
AE19070170050129  02 8 5 129 62 60 43  2304117998998183     0041036          0  12
AE19070180010106  0720421001 42 11  7  3.20214  7  41321 09900391            0  22
AE19070180020105060226000003 30 21  6  3.701379999990000 0 10010031          0  21
AE19070330010103060410000002 47 31  8   1602479999990000 0 4000013131        2  22
AE19070490010106050314000006 30 27  6  4.80263  5  3142099 200010            0  22
AE19070490020105060226000001 27 23  3  1.804979999990000989800000            0  24
AE19070490030106  0220301006 25 13  6  2.20162  8  3112299 000018            0  21
AE19070490040106  0422401003 23 22  9  4.101379999990001 09976301            0  21
AE19070490050105  0230402006 22 20  6  3.332339999990001 099002013106310931  22 09
AE19070510010144      041001126115110 146306                                 0  26
AE19070840010105  0314402001 47 28  7  6.90113 14  71321 1 1001143131        0  21
AE19070840020105  0325422001 37 20  9  6.40114 18  95221 29900211            0  21
AE19070840030111  0220000629 34 27  5  4.30264 12  21120999800070            0  22
AE19070840040105060237000006 28 22  6  4.23223 10  61320 1 200041310631      2  09
AE19070840050106050323012003 20 19  6  2.82266 12  41421 099000330631        0  09
AE19070860010144      001763146 73 53  51405                                 0  25
AE19070860020144      041766 79 78 44  35306                                 0  26
AE19070860030121      041001 84 63 56  29506                                 0  26
AE19620060010106  0226401002 41 17  4  2.702449999990001 0 286000            0  22
AE19670140010111  1648053426 24 20  8  3.90163 14  61534989900070            0  21
AE19670140020106050322012001 28 17  8  4.30114 17 153311 09900244            0  21
AE19670140030106051020000002 40 19  5  4.332439999990000 0 30000112311231    22 04
AE19670140040111  1640053446 22 14  4  1.14287999999000498980000001          0  01
AE19670150020144  04   41001180 92 43  66001179999996532 0 00040031             21
AE19670350010166      041002142 74 17  22036                     0910           11
AE19670390010111  1640053749 36 28 10 11.14163998998652498980007004          0  08
AE19670390020111  1648053729 12 10  5  0.405979999990004989800000            0  25
AE19670390030111  1648053729  9  8  3  0.204979999990004989800000               24
AE19670390040105060227000006 28 23  5  3.12263  8  31120 1 1000113104        2  08
AE19670410040144  02   41006 80 39 12 36.505                                 0  25
AE19670430010103060720022006 50 30  6  8.70263  9  5112199 20003131          0  22
AE19760060010105060237013006 66 13  7  6.632839999990001 0 300001063131314438   09
AE19780060010105060137000002 44 16  6  5.73264  9  51120 0 30009106313138    0  09
AE20010240010103  1023413006 35 30  9  5.20125 24  91422999900031            0  21
AE20010240020103050323402002 52 26  6 10.13223  8  41322 1990003113143105    22 03
AE20010240030106050323000006 39 19  4  3.63264 15  41120 0 2000903112           04
AE20010240040111  1648053446 33 26  7  5.11287999999000498980000004          0  08
AE20010240050103060420000002 21 17  5  2.232479999990000 09900000043131      0  08
AE20010240060111  1648053729 23 21  7  2.201979989986534989800000               21
AE20010240070111  1648053729 19 15  5  2.301879999990004989800000            0  21
AE20010260010144       41009 53 41 14 40.905                                 0  25
AE20040130010106  0220421001 34 26 10   1004979999990002989800000            0  24
AE20130350010106  1020401006 32 26  7  4.30222 16  51322 09900038            0  22
AE20330060010106050322000002 35 27 12  9.70497999999000498980000031             24
AE20790060010105060223000001 14 14  2  0.60117  8  21120989800090            0  21
AE20790200010166      041002110 53 19  16036                     09          0  11
AE20990190010106050313002006 55 41 17 40.9349799999900049898000000931        0  11
AE21180240010102  1110412001 32 20  7  4.60111 17  61422 09900230            0  21
AE21800140010111  1648053729 31 28  9  7.301879999990004989800000            0  21
AE21800200010105060221000002 36 17  6  2.60121 18  6132099990003031          0  21
AE21800200020105060226000006 20 17  3  1.322839999990000 0990000001          0  01
AE21800200030105060227000002 45 18  5    432449999990000 0 30000105          0  07
AE21800200040106050420000002 22 14  4  1.10223  8  43120 19900090            0  22
AE21800200050111  1648053729 36 27 10    801979999996534989800170            0  21
AE21810060010105060221000003 17 12  5  1.232479999990000 09900001310431      2  08
AE21940060010105060220000001 35 24  5  3.40113  9  41110 0 100130            0  21
AE22250060010106050426013001 42 20 18 15.14114 14  4162199 3002313109        0  11
AE22250180010111  1640000529 14 10  4  0.802879999990000 09900000            0  22
AE22250180020106050315000006 18 15  4  1.202439999990000 0 200000            0  22
AE22250180030105060223000002 31 22  6  4.81223 13  43420 1 1000313104        2  08
AE23470060010105060227012003 25 21  5  2.40223 17  51122 09900031            0  22
AE23470060020106050424403002 23 22  4  2.331479999990002 0 10000105          0  07
AE23470070010144      041159139 61 41  56233                     25          0  17
AE23500070010166      041009194 60 30  45535                     15          0  19
AE23500150010111  1648053826 32 25 10  6.10163  9  63134989800074            0  21
AE23500150020111  1648053726 24 15  3  1.401779999990004989800100            0  21
AE24120170010111  1648043726 17 15  4  0.702779999990004989800100            0  22
AE24120170020106050310012006 21 19  4  1.402739999990001 09900101            0  22
AE24120460010103061020000003 18 17  4  1.102469999990000 0998600031          0  22
AE24120460020106050310000001 18 13  6    101559989985620989800190            0  21
AE24120620010143      041009107 62 16  10905                                    25
AE24350080010105  0323422001 32 21  5    30114  8  31321 0 20019131          0  21
AE24350140010106050310000001 29 17  6  2.40114 11  51120 0 100137            0  21
AE24370060010105  0222402006 33 21  9  6.101719999990002 09900100            0  21
AE24650140010106050326002002 32 19  4  2.50125 13  21624 0 000010            0  21
AE24650140020106  0820221006 35 25  9  8.43697999999000498980000009             11
AE24690390010106050312012002 41 25 10 11.40224 17 101321 0993103031          0  22
AE24930130010103060323012002 46 40 10 18.13126 25  81122 0 1000113104        2  08
AE25590090010105060222000006 34 20  6  3.40165 12  51120 0 100038            0  21
AE25690090010144      041764 54 49 43  13606                                 0  26
AE25690110010105060222000002 41 36 12 20.431449999990000 09900003160905      2B 07
AE25690110020106050316000003 27 24  6  4.20155 13  61120 19900118            0  21
AE25690110030106050314000002 20 15  4  1.40224  6  21120 099000913131           22
AE25690110040105060222012001 40 20 10  5.20112 16  4153199 01312131          0  21
AE25690110050106  0222251001 36 30 16 15.401149989981221 0 1003183131        2  21
AE25750190010105060224000001 15  9  2  0.20114  6  21620 09900171            0  21
AE25880060010106  0222211006 32 18 10  4.501879999990003 0 00000031          0  21
AE26000070010105060227000002 45 39  8  9.60142999999000099 100008            0  21
AE26000070020106050310000006 27 20  7  3.30162 11  41130989800010            0  21
AE26000070030106050328413009 60 58 57293.33497999999000498980000015          0  19
AE26000320010111  1620053552 25 14  9  2.401379999990004 0 20010131          0  21
AE26000320020105  0226422001 46 27 13 16.30114 15  75212 19900121            0  21
AE26000320030105060224303001 19 17  6  1.60115  5  21421999900134            0  21
AE26000320040105  0227412006 39 33  9 10.31122  9  51221 0 1000443106        2  09
AE26000320050105  0222412003 39 33 10 10.23122 12  51121 0 2000113104        2  08
AE26000320060105060226000006 30 20  5  3.13263 11  41420 0 2000120605        0  07
AE26000320070101  0330000002 21 17  8  2.632429999990000 0990000004          0  08
AE26000320080105060237012002 40 27  7  4.90223 15  7122199 20001131          0  22
AE26000320090111  1648053729 14 12  4  0.604979999990004989800000            0  24
AE26000320100111  1648053729 15 10  4  0.404979999990004989800000            0  24
AE26000320110111  1648053729  9  6  6  0.204979999990004989800000            0  24
AE26000320120106050422012009 66 35 25 52.74497999999000498980000019          0  31
AE26150370010106  0310431002 47 34 19   32349799999900049898000000931        0  11
AE26170070010106050314012006 54 43 27 59.73164 22  814119999000101910101116  0  31
AE26170210010144       41001 43 28  8 11.401                                 0  21
AE26510170010166      041009101 25 23   9005                                 0  25
AE26520070010105060227000006 38 26  9 11.111439999990000 0 2000083104111606     08
AE26520070020105060233012006 40 22  5  4.112849999990002 0 200001310431      2  08
AE27040140010105060222312002 29 27  7  5.23123 11  6132199990003406          0  09
AE27040220010106050317000001 21 19  6    201129989981720 09900118            0  21
AE27160080010105060222000006 18 17  6    202479999990000 09900000            0  22
AE27240060010142      042569136106 39  54905                                 0  25
AE27240060020142      042569 99 78 30  20505                                 0  25
AE27240190010105  0220402001 46 38 14 20.10115 39 141113 0 000020            0  21
AE27240190020106  0310201003 24 21  9  4.73162 13 101222 0 10001705             07
AE27240190030105060222000006 22 10  5  1.302839999990000 0 20000033             22
AE27450310010105060222000002 17 17  5  1.732449999990000 099000010431        0  08
AE28700090010144      051729 75 74 52  39443                     2225        0  17
AE28810070010106051626012003 31 28  7  7.30226  8  3122199 20002131          0  22
AE29260080010105060222000006 14 13  4  0.802439999990000 09900000            0  22
AE29260080020105060220000001 24 14  2  0.70113  7  31120 0 100110            0  21
AE29260190010103060330000002 32 13  5  2.50223  8  41420 0 300031            0  22
AE29260190020106  1123211001 31 23  8  5.40112 11  61221 0 20013831          0  21
AE29260190030105060233000006 29 21  6  3.932849999990000 0 1000010613        0  03
AE29260200010144      051759 72 70 69  35441                     22          0  21
AE29260200020143      001001 52 37 33 80.306                                 0  26
AE29730140010144      041769 51 37 36   6605                                 0  25
AE30530130010105060224000006 20 17  3  1.702449999990000 0990000131          0  22
AE30770110010144      041001128 93 62  81906                                 0  26
AE31430180010106050310000002 22 15  4  1.40155 14  41120 09900110            0  21
AE31430190010166      041002 83 68 17  14236                                    26
AE32900150010105060220000002 30 20  6    40223 10  51120 0 30009131          0  22
AE32960070010106050327000002 69 22  8   113224 10  5112099 300011313104      0  08
AE32960290010105060221000002 41 20  5  3.601439999990000 0 300001            0  21
AE32960360010105  0220432006 39 18  6  3.601819999990002 09900002            0  21
AE32960400010106050310000006 13  9  3  0.302479999990000 09900000            0  22
AE33380210010105  0222432002 56 23 10  9.202339999990001 0 300304            0  22
AE33520850010166      043009 28 23  6  4.505                                 0  25
AE33590070010102060320413009 16 15 10  1.704979999990004989800000            0  24
AE33590070020105020220000001 21 16  1  0.40114  8  21620989800110            0  21
AE33590070030103060920402006 16 13  1  0.301879999990001 09900008            0  21
AE33590070040105010332000006 24 20  4  1.701839999990000 0 100008            0  21
AE33590070050105010322000006 21 16  3  0.801879999990000989900000            0  21
AE33590070060111  1640303726 18 14  4  0.801779999990001989800200            0  21
AE33600240010102060310000002 16 14  3  0.70223  4  21120999900030            0  22
AE33640160010111  1640023009 12  9  5  0.401379999990004989800100            0  21
AE33650140010105020220000006 18 12  3  0.60263  6  31420 09900030            0  22
AE33650160010106  0220201001 18 14  5  0.701139989981621999900128            0  21
AE33650600010103050423402002 25 22  9  3.401239989981622 0 100012            0  21
AE33650650010105  1022422001 32 24 10  5.304979999990004989800008            0  24
AE33700070010111  0215000001 31 23 13  6.10113 15 111520 19986131            0  21
AE33700070020105020212000001 20 15  4  0.80116 13  41320999900231            0  21
AE33700070030102050210000002 19 10  2  0.301479999990000989800000            0  21
AE33700070040105060220000002 19 12  5    101339999990000 09900107            0  21
AE33700070050105  0220402001 11  6  2  0.10113  4  21122 09900110            0  21
AE33700070060105060220000002 15 10  2  0.201349999990000 09900101            0  21
AE33700070070105060221000001 16 13  3  0.60111998  31420 09900110            0  21
AE33700070080105060220000003 13 10  2  0.202419999990000 09900000            0  22
AE33700070090106050322000006 18 17  3  0.901839999990000 0980000031          0  21
AE33700070100106  0222401001 27 12  8  2.30113  6  31122 0 000130            0  21
AE33700070110105060222402002 18 14  3  0.701439999990003 0 000000            0  21
AE33700070120106051022402001 16 10  3  0.60111  7  31121999900214            0  21
AE33700070130106051020402001 20 11  2  0.30113  5  21121 09900111            0  21
AE33700070140106050322000006 15 10  2  0.201879999990000989800000            0  21
AE33700070150105  0722402006 12  9  2  0.201639989981622 09900010            0  21
AE33700070160105  1020402006 11 10  1  0.201839999990002989800000            0  21
AE33700070170111  1640053726 15 13  3  0.50163  9  21624989800070            0  21
AE33700070180111  1648453726 22 16  5  1.20123  7  53321989800070            0  21
AE33710090010110  0222402001 40 32  9  9.50114998998122299 000130            0  21
AE33710110010143      041009 14 10  4  0.905                                 0  25
AE33720140010103  0922402001 13  9  2  0.30113  4  21121999900191            0  21
AE33720500010106051422000006 17 13  2  0.431729999990000 0990000001          0  01
AE33720510010105060220000003 17 17  3  0.90126 12  31420999900011            0  21
AE33720540010105060220000006 23 16  3    131879999990000 0990000001          0  01
AE33720550010106050322000006 25 14  3    132839999990000 0990000101          0  01
AE33750210010111  1648453726 19 15  5    101879999990002989800000            0  21
AE33760120010105  0333402001 30 25  6  3.70111 20  61421 1 200241            0  21
AE33760120020105060230000006 15 13  3  0.60263  9  2112099990003131          0  22
AE33760200010101  0333000002 20 19  4  1.701879999990000 0 20000031          0  21
AE33760440010106051012012002 29 15  2  0.901339999990001989900108            0  21
AE33760510010103061022402006 27 17  3  1.90263  9  3142299 100031            0  22
AE33770160010105060227000001 38 23  5    301149989981720 1 100144            0  21
AE33770160020105  0220402001 17 14  4  0.90116  9  41122 09900221            0  21
AE33770160030103060820403006 19 13  2  0.732879999990001 0990000006          0  09
AE33770310010106050322000003 14 11  2  0.50226  4  21120 09900091            0  22
AE33850110010106  0310231002 35 27  8  6.10164  8  41532 09900054            0  21
AE33850270010143      041002 14  9  3  0.506                                 0  26
AE34070410010105060223000006 21 15  3  0.911879999990000 0990000001          0  01
AE34090350010105060220423002 28 14  5    10223  7  61221 1 1000113131        0  22
AE34210620010105060227000006 26 18  4  1.542879999990000 0990000001          0  01
AE34230120010105  1123412006 26 24  9  5.13163  9  33621 099000100910        0  11
AE34300060010105060227000006 32 16  4  1.432849999990000 0 20000101          0  01
AE34340380010144      041009 33 28 18   1206                                 0  26
AE34340380020144      041009 19 14 11    606                                 0  26
AE34340380030144      041009 13 10  8    206                                 0  26
AE34340380040144      041009 15  8  7    106                                 0  26
AE35210070010105  0223402001 41 30 11 12.20113 21  81231 0 175151            0  21
AE35210070020105060226000001 30 16  5    20113 12  4532099 10011131          0  21
AE35210070030105060221012002 23  9  6  0.801339999990001 09900200            0  21
AE35210110010105  0223402006 47 36 15   232162  7  3112198986202006          2  09
AE35210110020105060225453003 42 18  5  3.50253  6  3112199 10013131          0  22
AE35210110030105060122000006 31 23  6  5.21224 10  3112099 200033313104      0  08
AE35210380010105060221000002 15 10  6  0.80125  6  61420 09900030            0  21
AE35260070010106050315012002 40 32 17 15.40123 19 141532989855078            0  21
AE35260070020106050327000006 25 18  8  3.732849999990000 0 3000010906        0  09
AE35260100010105  0212452003 52 35 12 21.401229989981622 09900010            0  21
AE35260100020106050324002002 34 18  9  3.701329999990001 0 100100            0  21
AE35260100030106051024000002 12 10  3  0.301369999990000 09900100            0  21
AE35360080010105060222000001 20 18  6  1.90113 12  41420 09900211            0  21
AE35360160010105  0222412001 46 26  8  7.40113 10  53121 0 162231313131      0  21
AE35670150010105  0327402006 29 20  8  3.302729999990001 0 200101            0  22
AE35670150020106051021012002 25 20  3  1.501349999990001 0990000031          0  21
AE35670150030106  0227011003 21 20  7    30226  7  21621 0990001131          0  22
AE35670150040106050322000006 26 13  3  1.122839999990000 0 10000001          0  01
AE35670150050105060223000001 17 11  3  0.60115  6  31120999900211            0  21
AE35670150060106051120012006 30 15  5  2.231859999990002 0 20000105          0  07
AE35670200010105060222000003 23 16  5  1.601469999990000 09900004            0  21
AE35670200020105060223000009 15 12  6  0.504979999990000989800000            0  24
AE35670200030106050323000003 16  9  3  0.501369999990000 09900200            0  21
AE35670200040106050320012006 10  8  4  0.401879999990003 0 000000            0  21
AE35670200050106  0330201001 20 15  4  0.90112 15  41121 09900130            0  21
AE35670270010106050320303003 22 11  6    10126 13  61421 09900098            0  21
AE35790130010105  0223402002 27 24  9  5.80123  8  41412 0 10001131          0  21
AE36160060010106  0220201006 14 14  7  1.3418399999900019898000000531        0  07
AE36530110010142      041669 92 70 38  23305                                 0  25
AE36530220010103050313402006 46 24 20 16.93497999999000498980000009          0  11
AE36530230010144      001461 55 45 35  11806                                 0  26
AE36530480010111  1648402729 38 26 23 13.204979999990004989800000            0  24
AE36590360010166      041009 58 55 12   5305                                 0  25
AE36590370010144      041009 43 22 13   1305                                 0  25
AE36690250010106050427012001 48 20  5  4.30214  9  51121 0 30011131          0  22
AE36690260010147       53001 48 32 24 52.943                                    20
AE36690620010106050312012001 23 13  2  0.60113 10  13622 09900211            0  21
AE36690760010106  0320201006 26 14  5  1.501819999990001 09900000            0  21
AE36870110010106051021000006 23 14  2  0.631819999990000 0 10000001          0  01
AE39070040010106050320000002 16 15  3  1.102439999990000 09900001            0  22
AE39400230010110  0223422001 72 62 27105.90115 41 19123299 143117            0  21
AE39410420010106051020312006 20 14  3  0.811879999990004 0 00000001             01
AE39410430010103     0      999999999  999 79       6            01             01
AE39420390010106  1640201001 11  9  4  0.406979999990004989800000            0  26
AE39830130010111  1648053429 21 16  9  2.201739999990004989800400               21
AE40020140010106  0223441001 38 32  6  4.50113 14  61122 2 100111            0  21
AE40060150010106051022023006 30 18  4  1.332839999990002 0 10000101          0  01
AE40060160010103061022000006 37 21  5  3.432839999990000 0 10000101          0  01
AE40060170010103061120000006 30 19  4  1.931879999990000 0 10000001          0  01
AE42190070010106050327000002 28 18  6  3.602439999990000 0 300000            0  22
AE42190170010106050321000006 18 14  4  1.202879999990000 0990000031          0  22
AE42190170020105  0226452006 18 10  3  0.701879999990004 09800000            0  21
AE42190170030105060220022002 14 10  3  0.40163  7  31121 09900010            0  21
AE42190170040105060233000806 20 17  6  1.802869999990000 0990000131          0  22
AE42190170050111  1648053446 21 14  4  0.721879999990004 0980000001          0  01
AE42190170060105060232012002 28 15  4  1.704979999990004989800000            0  24
AE42190170070105060232012002 35 14  5  1.504979999990001989800000               24
AE42190170080105060232012002 20 14  5  1.531439999990002 0990000209          0  11
AE42190210010105060133000006 30 22  6  5.122839999990000 0 20000105060631    0  07
AE42190210020111  1648053429 12  7  3  0.204979999990004989800000            0  24
AE42190210030106050320000006 13  6  2  0.201879999990000 09800000            0  21
AE42210130010111  1640000853 24 19  6  2.542819999990000 099000013110        0  22
AE42210130020105060223000003 16 12  4  0.501369999990000999900000            0  21
AE42210270010106050314000001 24 19  6  2.50111  7  31120999900231            0  21
AE42210270020106050320002009 15 14  3  0.704979999990004989800000            0  24
AE42220300010101  0332402006 23 20  6    30263 13  41621 0 200051            0  22
AE42250080010105060233000006 30 13  6  2.632849999990000 0 2860010406        0  08
AE42250230010111  1648053746 21 20  6  2.842879999990004 09900000            0  22
AE46580060010103060327000006 42 20  5  6.232839999990000 0 400001060605      0  07
AE46580120010105060222052002 32 28 11  8.60124 14  71324999900018            0  21
AE46580120020103050423402001 38 32 12  9.70113 14  51122 09986241            0  21
AE46580120030105010322402006 33 27  6  5.50143999999000299 000007            0  21
AE46580120040105060222000003 25 20  8  3.90122 11  55120 1 00003731          0  21
AE46580120050106050312012001 32 23  5  2.80113 15  51121989800070            0  21
AE46580120060105060227002009 25 14  8  2.604979999990004989800000            0  24
AE46580120070105  0322402006 22 15  3  1.201879999990001 09900001            0  21
AE46580120080106050316053002 18 16  3  0.901439999990004 09900003            0  21
AE46580120090105060220000009 21 11  5  1.104979999990000989800000            0  24
AE46580120100105  0222402006 24 23 10  7.731839999990002 099000003105093106     07
AE46580120110105  0220412002 36 23  8  5.701449999990002 0990000031          0  21
AE46580120120105060222000002 22 18  2  1.60223 13  41120 0 2000313131        0  22
AE46580120130106050317000002 38 22  7  4.53123 16  5142099 18604805          0  07
AE46580210010126      001001108 79 13  19536                     15             19
AE46580210020144      041161 64 61 53  31506                                 0  26
AE46580250010106  1022011006 34 20  8  5.531839999990002 0 100001310509      2  07
AE46580370010166      041001132 63 31  38836                     15101027    0  19
AE46580530010106050312000001 18 15  5  0.90114  6  51420 09900114            0  21
AE46580530020106050320000002 18 16  2  0.501339999990000 09900101            0  21
AE46580530030105  0310402002 29 24 10  4.90123 23 103322 0 08605016             21
AE46580530040105060222012006 29 27 11  8.20166 16 101421 1 10004131          0  21
AE46580610010106051020022001 24 14  5  1.10113 14  61122999800171            0  21
AE46580610020106050410022006 20 16  4  1.601729999990003 0 000200            0  21
AE46580610030111  1648053729 20 11  6  0.801769999990004989800200            0  21
AE46580640010166      001001 84 68  7   7506                                 0  26
AE46580640020144      041169 61 45 31  12605                                 0  25
AE47400130010105060224000006 16 13  5    101829999990000 0990000031          0  21
AE47400170010105  0322452009 34 22 18  9.90497999999000498980000031          0  24
AE47401070010144      041152 65 30 27 71.626                     15          0  19
AE474010700201733912   00006 55 48 18 56.649                     24          0  15
AE47401080010105060224000002 44 16  8  5.802449999990000 0 30000131          0  22
AE47401080020105060222012002 48 14  5  3.602449999990001 0 300001313131      0  22
AE47401080030101050222000002 18 15  4    10223 11  31120999900031            0  22
AE47401080040111  1610221009 16 11  7  1.405979999990004989800000            0  25
AE47401300010106050314000003 25 21  7  3.50125 16  51120989800010            0  21
AE47401300020106050210000001 21 18  5  1.70111 15  41620 09900240            0  21
AE47401300030105060222403009 44 42 41103.63497999999000498980000015          0  19
AE47401320010105060227000001 43 31  8  8.90116 17  6132099 286233            0  21
AE47470070010106050423000009 42 22 11 10.204979999990000989800000            0  24
AE47470160010105060227000002 40 22  6  5.502349999990000 0 300101313131      0  22
AE47730130010105060221000002 21 13  2  0.90123  7  11620999900010            0  21
AE47730130020106  0220321003 24 17  6  2.501369999990003 0 000100            0  21
AE47730130030111  1640221009 23 19 10    406979999990004989800000            0  26
AE47730220010105  0223402006 33 28  7  4.301739999990001 0 10010131          0  21
AE47730220020106050310000006 16 11  5    102719999990000 09900100            0  22
AE47730400010103060322000006 35 25  7  6.53263  7  31120 0 30003131043109    2  08
AE47730460010111  1648053747 27 17  6  3.132439999990004 0 3000003104        2  08
AE47730470010144      041001 96 70 57  50536                     15          0  19
AE47750250010106050322000003 24 20  6  3.10226 10  6112099990001131          0  22
AE48280250010105060226050002 38 28  8  7.501339999990000 0 30020131          0  21
AE48290060010111  1648053726 26 19  4  2.602839999990004 0 200000            0  22
AE48300060010105060222000001 32 15  5  2.30214 12  41110 1 031141            0  22
AE48780330010103061020000002 25 17  4  1.802439999990000 0 20000131          0  22
AE48930530010106051023000006 28 16  4  1.432849999990000 0990000001          0  01
AE48930570010106051023000006 34 15  5  2.122849999990000 0 20000101          0  01
AE49040170010105            999999999  999 7                     01          0  01
AE49040330010105060223000006 36 17  6  2.922849999990000 0 20000101          0  01
AE49040340010110  1122000006 29 17  4    221849999990000 0990000801          0  01
AE49130300010105060224000006 34 14  4  1.742839999990000 0 30000101          0  01
AE49250650010142      041001 39 24 13   1501119989981223 0 000410            0  21
AE49250880010111  1640221009 17  9  5  0.705979999990004989800000            0  25
AE49290540010105060226000006 27 18  5  1.731879999990000 0990000001          0  01
AE49500210010106050311000002 30 17  2  1.10123  5  21120 0 200031            0  21
AE49530150010111  1648053724 16  9  4  0.40114  5  21624989800170            0  21
AE49560570010166      041001222 76 39 100636                     15          0  19
AE49560580010106051022313006 34 18  4  2.231839999990002 0990000001          0  01
AE49560590010106051012000006 28 17  2  1.231879999990000 0990000001          0  01
AE49570510010166      041009 61 49  7   2405                                 0  25
AE49570550010144      041009 52 30 10 11.505                                 0  25
AE49630290010106051022012002 25 18  4  1.43162  7  31122 0990003001          0  01
AE49630620010105060220000006 26 17  3  1.221839999990000 0990000701          0  01
AE51550460010126      041002107 61 47  45505                                 0  25
AE51560100010106050316000002 36 18  6  3.202449999990000 0 30000131          0  22
AE51560280010110020230000006 57 20  8  6.802749999990000 0 12110131             22
AE51560280020106050310000002 50 11  4  2.702839999990000 0 30000131          0  22
AE51560280030106050313000006 20 19  4  2.332839999990000 0 300001141231      2  04
AE51560280040105  0220402003 27 20  6  2.83152  6  51121 1990023106          0  09
AE51560280050111  1648000726 34 19  6    402839999990000 0 20000031          0  22
AE51560280060105  0223412001 35 27  9  6.80114  5  41121 2 000338            0  21
AE51560280070106050326000002 29 25  7  4.80222 13  71420 0 100031            0  22
AE51560280080106050315052003 28 15  4  1.701319999990004 09800100            0  21
AE51560280090106050327000003 13 12  3  0.602439999990000 09900001            0  22
AE51560280100105060220000002 23  5  3  0.302339999990000 09900100            0  22
AE51560280110106050320000001 11  8  2  0.101119989981720989800130            0  21
AE51560330010105060226000006 60 16  6  5.93263 10  51420 0 2000313102        2  02
AE51560350010106050312052002 34 17  7  4.13223 11  61424 0 2000313104        2  08
AE51600120010105060122000006 25 16  4  1.701879999990000989800000            0  21
AE51700390010105  0223402002 36 24  6  5.50123 13  51421 0 1000343131        0  21
AE51700390020105060223000009 28 14  6    20497999999000098988600031          0  24
AE53000210010105060226000001 28 18  6  2.50113  7  63120999900111            0  21
AE53000210020111  1648053729 17 15  3  0.604979999990004989800000            0  24
AE54130120010105  0227412001 58 46 17 37.30112 19 10142299 253178            0  21
AE54130130010106051022000002 35 18  5  3.40243999999000099 3000033131        0  22
AE54130140020106050312000002 30 13  3  1.732439999990000 0 300001311312      2  03
AE54130290010111  1648053006 20 15  4  0.92187999999000498980000001          0  01
AE54130300010106050212000002 38 12  3  1.30224  5  3142099 300031            0  22
AE54130310010106050323012003 38 21  4  3.33154 11  5121199 10023406          0  09
AE54130510010106050214012006 63 27  6 12.502849999990001 0 30000331          0  22
AE54130520010106051123000006 22 13  4  1.20263  7  31120 1 10001131          0  22
AE54130530010106050217000006 66 23  5  7.33264 10  44120 0 2000311231133105  23B03
AE54130540010106050317000002 58 21  7 10.332849999990000 0 3000011306        2  03
AE56020150010111  1648053429 21 12  6  0.704979999990004989800000            0  24
AE56140170010105060222000002 24 18  5  2.80224 10  5112099990003131          0  22
AE56140190010121      041001 91 77 71  64703                                 0  23
AE57870150010111  1640053739 10  9  2  0.204979999990004989800000            0  24
AE58000690010103060310000002 72 19  6  8.902449999990000 0 400001            0  22
AE58000740010105060223000002 43 26  6  6.93223  8  4112099 200031311304      0  03
AE58010520010106050217000006 46 24  7  7.132849999990000 0 20000131043112093122 04
AE58010530010107  0230000002 40 20  4  3.602439999990000 0 400003            0  22
AE58250060010105060227000006 40 20  3  1.831839999990000 0 10000001          0  01
AE58250300010105060227000006 21 15  4  1.34185999999000098980000001          0  01
AE58250310010105  0220412006 24 15  2  0.831839999990002 0980000001          0  01
AE58250470010106  0222201001 60 20  5  6.40213 11  51121 2 1001313138        0  22
AE58250480010105  0220402002 46 14  4  2.60224  7  21121 0 20003131          0  22
AE58570150010103060820000002  9  9  2  0.101339999990000 09900100            0  21
AE59120060010111  1640000156 43 26  6  8.632839999990000 0 300000090931      0  11
AE59120100020101  0331000002 28 16  8  3.10223 12  85120 0 20001031          0  22
AE59120240010106050322000006 34 24  5  4.932839999990000 0 200001043131      2  08
AE59120240020115  0110000001 16 10  4  0.50113  7  31120 09900130            0  21
AE59120240030106  1620301003 20  6  4  0.701479999990002 09900000            0  21
AE59120280010101  0332000002 36 17  8  4.302339999990000 0 20030231          2  22
AE59120280020106050420012006 32 17  5  2.901869999990001 0 100000            0  21
AE59120390010101  0332000002 42 21  5  4.402439999990000 0 30000131          0  22
AE59120390020111  1648000002 15 11  4  0.702479999990000 09900000            0  22
AE59120390030106050420000002 24 14  7  2.602449999990000 0 200001            0  22
AE59590160010106050422000006 15 12  5    10265  8  51420 09900090            0  22
AE59600080010105061648403002 26 19  6  3.902449999990001 0 2000013131        0  22
AE59600200010106050216000006 45 27 12 14.93163 15  71420 0 30005104060616    0  08
AE59600200020106050312012002 29 23  5  4.732439999990001 0 200001310431      2  08
AE59600200030101090332000002 43 17  4  3.70224  7  2142099 300031313131      0  22
AE59600200040101060332402003 16 10  6    102479999990001 09900000            0  22
AE59600320010105010322452006 43 20  7  7.232849999990001 0 200001100606      2  09
AE59600320020105  0220412003 29 19 12  6.331419999990003 0 0000003104        2  08
AE59600320030106050423000006 27 25  9  4.432859999990000 0 2000010605        0  07
AE59600320040101  0232000001 19 12  5  1.10113  6  3252099990041031          0  21
AE59600320050105060223453001 59 43 15 36.93114 14  3162299 3001363109        0  11
AE59600320070101  0332000002 28 16  4  1.702349999990000 0 121101            0  22
AE59600320080105060226303006 19  9  2  0.401879999990001 09900000            0  21
AE59600340010143      053009999999999  99905                                 0  25
AE60350070010166      041769124 76 46  52505                                 0  25
AE58000620010137       12009118 23 20   9800        000       1 2            0  20
AE58000750010147       53009 65 15 14   2240        000       1 2            0  20
AE58000720010147       53859 55 27 20   3940        000       1 2            0  20
AE54130550010147       53859 27 13  9    640        000       1 2            0  20
AE54130280010147       53009 89 36 18   8240        000       1 2            0  20
AE34230150010150      053009 10  8  3  0.200        000       1 4            0  20
AE34230150020150       53009 10  7  3  0.300        000       1 4            0  20
AE03400150010129  07   00002300199 80 60132088016036000442136610 36          0  12
AE02850220010129  03   42002192150 90 19782057100000100444136610 40             12
AE01530070010129  07   42002153136 42 10362027006006000444136610 40          0  12
AE05870260010129  03   00002155 83 36  6221077006006000434136610 36          0  12
AE09240080020129  07   00002204128 42 14412022006006000444136610 36          0  12
AE05870260020129  03   53146233155 46 15994072106006000424236610 36          0  12
AE26420060010129  07   53146209141 70 22144087016036000422136610 36          0  12
AE09240220010129  16   00446146112 39  8544028000000000424236610 36             12
AE25180070010129  07   53002138 97 47  8461027006006000434136610 36          0  12
AE08210060010129  07   42149140104 52  7774027006006100444336610 26          0  16
AE19670410010129  03   42002195130 60 16802087100000000444216610 40          0  12
AE47730140010129  03   00002142111 42  8461027036016000421136610 36          0  12
AE01460130010129  16   00446126103 57  8004095016036100442136610 40          0  12
AE05920110010129  03   00002 98 87 37  2992087006006000444236610 36          0  12
AE25750070010129  03   00006151100 45  6844098000000000424126610 36          0  12
AE24690400010129  03   00006170112 58 11074005006106000414116611 4326        0  14
AE35210340010129  03   42002165118 58 12702089100000100444232210 40          0  12
AE19070500010129  03   00006199135 39 12624002106006000414136610 36          0  12
AE24580060010129  07   42002138135 48  9652039000000400444212210 36          0  12
AE15300060030129  03   43859126 83 42  5504097806006000464116610 47          0  15
AE47730210010129  07   42009 93 52 32  1574030000000000424326610 26          0  16
AE47400980010129  07   41009 87 61 17129.74090000000000264236610 26          0  16
AE02850390010142  16   41149139 66 39  5014090000000100254226610 24          0  15
AE11460120020129  07   43003186120 70 18342027000000000434326610 26          0  16
AE12040260010142  03   53852121 79 29  4801048000000000434226610 36          0  12
AE12040260020129  03   52146118102 40  6184043006006000424236610 36          0  12
AE25690090020129  03   00006102 73 21  2184079100000000224222210 2426        0  15
AE11460120010129  03   00006100 63 34  2454007106006000414316610 36          0  12
AE18710100010129  03   00146109 85 50  4234037106006500424226610 24          0  15
AE12110130010129  07   53002202185 95 40662027406006000444326610 24          0  15
AE14900170010129  03   42146205198 94 46904097406006000424216610 36          0  12
AE19070860040129  07   53006102 76 36  3324009800000000414134210 3626           12
AE32960080010129  03   53002107 62 41  2921067006006000444136610 36             12
AE34390120010129  07   00002215133 39 11122097026036000442236610 40             12
AE25690210010129  03   12009 80 60 40246.51017006006000044556610 26             16
AE24350190010129  03   00009 94 48 3767.544090000000000414236610 36             12
AE35210390010129  03   13002188138 39 10551037126036500442236610 40          0  12
AE10470070010129  07   12009144112 72 14244032106006100444226610 36          0  12
AE260003400101293203   42007 63 57 26 82.22040006006000244336610 48          0  15
AE421902200101293211   10006 78 76 30 86.14019000000000244333310 48          0  15
AE260003400201293203   53006 77 59 31  1194019000200000244115511 4843        0  14
AE603400900101293209   00009 86 63 20118.54009000000000224322210 24          0  15
AE23500070020131  07   53002161130 35 12661067006006000234236610 24             15
AE15990060010142      0  549 34 32 17 20.34090000000000414226610 26          0  16
AE12940140010129  07   00859100 69 24158.44007406006000514236610 24          0  15
AE190708600501293203   42149 75 59 19 92.14019000000000224222310 24          0  15
AE13170120100142  12   00003 85 73 39211.21019000000000244333310 48          0  15
AE00120170010174  12   22146 88 72 47  3274013000000000424226610 36             12
AE00120170020174  12   43856187141 64 19024017000000000424236610 36          0  12
AE26510490010174  12   00006 88 81 39  3874025000000000424136610 36          0  12
AE25690090030174  12   00006129 55 47  2871025000000000424216610 36          0  12
AE25750070020174  12   00146 53 52 44112.24000000000000414226610 26          0  16
AE115906800201733912   00001 66 65 34  2123090006006400254116610 4715        0  15
AE601301900101733912   00004 64 60 42  2173090006006400454126610 47          0  15
AE47400980020174  12   00006108 99 46  4754048106006000544136610 36          0  12
AE25180070020174  12   00006 95 90 52  5274037006006100444236610 36          0  12
AE11590680030174  12   42006 93 81 62  4414027006006000424226610 36          0  12
AE19670410020174  12   41006 90 65 26  2294009000000000414112310 26          0  16
AE19670150090174  12   42006125111 33  6444097000000000424136610 36          0  12
AE11590680010174  12   00006 63 37 26 61.94009000000000214222210 26          0  16
AE200102600201733912   00006 60 42 20 66.54097006006000464222210 26          0  16
AE11310070010174  12   41002182136 41 13752021016036000542136610 36          0  12
AE256902100201733912   00006116110 63  8114097000000000464226610 36          0  12
AE15990060020174  12   00006 97 89 46  6024017006006100444226610 36          0  12
AE19070500020174  12   00146116 72 45  5054017100000000444236610 40          0  12
AE26170210020174  16   41146 80 58 35  2064097006006000414226610 36          0  12
AE25690090050174  12   53006 86 85 41  3824047000000000424136610 36          0  12
AE25690090060174  12   00146 64 59 38213.84017000000000444226610 36          0  12
AE10960070010174  16   00149 84 75 43  3114090106006000424116610 47             15
AE21180210010174  12   42002144 99 49  8742057000000000444236610 40          0  12
AE11310220010174  12   12146250199 95 619340 8100000000444136610 36          0  12
AE256900900401733912   12002230150139 43652011000000000444226610 36          0  12
AE46580200010174  12   41142230225 74 52612021100000000444336610 48          0  15
AE15300300010174  16   41151257210110 69303091800000000564146610 26          0  16
AE19070870010129  03   41007245203 68 32242057006006000044556610 26          0  16
AE27240070010142  07   42002280209100 75362058000000500444136610 36          0  12
AE11800390010129  03   53142182104 70 18892088100100000444236610 4236           12
AE15570250010129  16   00146140 99 60 10314097000000000424326610 36          0  12
AE20130540010129  16   43142129 71 37  3421057000000000434136610 36          0  12
AE03400390010129  03   00856 81 69 36  2804007000000000414236610 36          0  12
AE13860070010129  16   00146 90 64 37245.94009000000000414222210 36          0  12
AE01460110010129  03   00006 51 27 22 34.14011000000000244236610 24          0  15
AE12040260030129  07   00006118115 55 10304034100000000444446610 26          0  16
AE09240080030129  16   00346134 95 49  9174037000000000034456610 26          0  16
AE19070580010142  16   42446108106 70  8434087006006000444116610 47          0  15
AE25690090070129  03   00141104 96 46  6693070006006400454116610 4715        0  15
AE16300070010129  03   43006118102 64  8054087000000000444236610 40          0  12
AE09240140020129  16   00146125 71 35  3164097810030000444136610 36          0  12
AE16300080010129  16   00146 99 63 47  2834008110020000414216610 36          0  12
AE24370070010129  16   43146 68 59 35  1514007000000000424136610 26          0  16
AE15570500010129  16   00156 69 50 38  1554007100000000214126610 24             15
AE24690480010129  03   00006 88 63 40  2004012000000000224326610 24          0  15
AE19670150030129  07   52006 61 42 22   724014000000000224226610 26          0  16
AE19670410100129  16   00146 40 25 24 18.94077000000000244226610 26          0  16
AE19670410030129  03   43059 97 42 23105.43007000000000024556610 26          0  16
AE19670410110129  03   00009 44 32 26 38.44000000000000414226610 26          0  16
AE19670150040129  03   00006 60 37 18   353011000000000444226610 26          0  16
AE25690090080129  03   00006 75 75 28  1574009000000000414232310 24          0  15
AE19670350020129  16   00146 60 44 25   774094000000000424226610 26          0  16
AE19070860060129  07   00009 50 34 28 37.64000000000000414226610 26          0  16
AE03400160010129  03   00146 71 52 38  1374037100000000424236610 36          0  12
AE10980220010129  16   00149 63 42 27 85.84000100000000214226610 26             16
AE21180060010142  07   00006184125 76 18694003000000000414236610 24          0  15
AE01110140010129  03   00859144 93 69  8454027000000000424236610 36          0  12
AE13170120110142  03   00002 76 51 23101.11017000000000244426610 24          0  15
AE35260200010129  16   00426118 60 21114.14005000000000214326610 26          0  15
AE20010260030129  03   00449 49 40 19   384007000000000214226610 24          0  15
AE26520230010142  16   00449 52 42 31   674000000000000514556610 26          0  16
AE54180090010129  16   00459 44 39 26 37.44000000000000414556610 26          0  16
AE11590540010129  16   00459 64 58 28   874000000000000564556610 26          0  16
AE54180090020142  16   00449 48 32 30 39.44000000000000514556610 26          0  16
AE14460220010129  16   00442 80 59 22101.91067006006000244126610 47          0  15
AE19670150050129  16   00449 78 61 22 94.74090000000000214226610 24          0  15
AE06760140010129  03   00859 73 50 33 78.74099000000000244222210 24          0  15
AE19670410050129  03   00009 99 70 33279.94027000000000444126610 36          0  12
AE20790190010129  07   00002197160 54 19521087016036000442136610 36          0  12
AE11380070010129  03   42146228130 27 10874017000000000224126610 24          0  15
AE26150110010129  03   02002155118 47  7721077000000000444136610 40          0  12
AE19070190010129  16   00146 96 81 24289.14044000000000224226610 24          0  15
AE19070170010129  16   00146107 98 58  5794043000000000424326610 36          0  12
AE13350120010129  16   00146121 96 28  3304090000000000514226610 26          0  16
AE01350080010129  03   00859 79 57 28 89.64000000000000514226610 26          0  16
AE14090120010142  03   42001253179 88 39593023100100000454336610 48          0  15
AE48320120010173       00141195138117 45273087006006000454226610 3642        0  12
AE12330320020173  16   00141238218 74 39333028000000000454336610 48          0  15
AE19070940010142  03   00142213170 48 22371087700000100444336610 48          0  15
AE32800160010142  07   00002178136 43 10212067000000000444136610 40          0  12
AE59120400010142  07   41142161126 43  8241067000000000234136610 36          0  12
AE35240150010142  03   42002130110 46  5852057500000100444136610 40          0  12
AE47400180010142  02   43002105 79 59  6161030000000000444226610 36          0  12
AE02510100010142  02   42856149118 45  7404097000000000424316610 36          0  12
AE42190180010142  16   02142112106 32  4531067000000000444126610 36          0  12
AE009703400101293216   52446125109 49  8374019000000025224333410 482425      0  15
AE603301200101293216   00142 67 59 46263.61040000000000444336610 48          0  15
AE01350080020129  16   00149 36 34 26 40.24094000000000214556610 26          0  16
AE19670410070142      040006 88 64 52  3614027000000000424216610 36          0  12
AE19070110030129  04   42009 57 47 16 62.14040000000000444126610 26          0  16
AE19070130010173  16   00149 73 54 47  2164044006006000464116610 47          0  15
AE02850220020129  07   00009 65 46 29 84.44000000000000424226610 36          0  12
AE19670150010129  07   22009 95 70 22193.14093000000000314226610 36          0  12
AE01350080030142  16   00149 66 50 28 88.14090006006000464116610 47          0  15
AE19670410060129  16   00149 50 46 33 0.144037000000000424556610 26          0  16
AE00970340020129  16   00146115 69 39  2674007000000000214556610 24          0  15
AE00970340040142  16   00156 76 50 34146.34090000000100224226610 24          0  15
AE59120250010142  11   52859 84 63 28131.54070000000000424236610 36          0  12
AE13688150010129  07   00156 45 44 13 19.14019000000000424555510 26          0  16
AE25750200010129  03   00006 43 39 12 20.34019000000000224555510 24          0  15
AE07140140010142  03  000001 42 40 35 70.740        400          15          0  19
AE02850220010147       00001 46 32 24 49.400        000       1 3               20
AE18010280010150       43004 32 21 14  9.700        000       1 2            0  20
AE19830140010147       00002 26 10  8  3.300        000       1 2               20
AE36690360010147       53859 19 14  9    300        000       1 4               20
AE36690350010147       00009 30 17 12  8.140        000       1 4               20
AE33540420010137       42001 71 29 25 88.600        000       1 2               20
AE48270090010147       00001 50 18 15 19.900        000       1 3               20
AE49630540010147       53001 42 32 26   3300        000       1 4            0  20
AE49630630010147       53001 39 32 24 23.400        000       1 4               20
AE57870170010150       00001 36 22 14   2100        000       1 3               20
AE57970410010147       42001 57 46 16 15.500        000       1 2               20
AE57970410020147       00001 48 44 30120.100        000       1 3               20
AE57970410030147       42001 48 31 29 57.100        000       1 2               20
AE59120100010115  0110000001 32 23  6  4.641                     23          0  10
AE59120280030115  0110000006 20  9  2  0.341                     23          0  10
AE59120290010115  0110000002 27 26  8  6.141                     23          0  10
AE59120410010115  0110000001 69 31 12 25.631                     092023      3  10
AE59120410020115  0110000001 76 35 14 43.941                     23          0  10
AE54130500010124       00009 95 35 25  15230121101  000          3123        2  10
AE58000610010166       00009 87 38 26  11430101104  000          23          0  10
AE62070250010124       00001 45 16 16   2330101201  000          3123        0  10
AE04950370010119       00001123 42 31  30630101104  000          23          0  10
AE05290090010119       00001 74 29 26 92.230101201  000          23          0  10
AE05490390010119       00005 66 36 17 64.830101204  000          3123        0  10
AE05050280010124       00005117 34 2451.3330101101  000          23          0  10
AE07460290010126       00001 98 33 2954.1730101100  000          3123        0  10
AE07530240010124       00005 68 37 17 73.530101201  000          3123        0  10
AE10140070010124     8010002 53 29  6 17.441                     23          0  10
AE13170100010119       00009 60 36 30 95.340404171  000          091723      2  10
AE13170120010124       00002 40 13  5  3.201                                 0  10
AE27930070010124       00003 56 42 12   4830102201  000          23          0  10
AE26000330010124       00001 43 35 12 36.730101201  000          3123        0  10
AE30780070010119       00006 62 43 22 78.640604104  000          091723      0 C10
AE33650640010119       00001 87 34 29130.530101204  000          3123        0  10
AE33540780010124       00001 57 40 13 59.230101201  000          3123        0  10
AE33770440010119       00002 89 36 31159.420501104  000          092023      0  10
AE34120060010124       00141130 39 26236.330101101  000          3123        0  10
AE34320300010119       00742125 46 30  24820103100  000          23          0  10
AE34340170010119       00001 47 13  9 11.830101104  000          3123         0 10
AE40060400010124       00001 81 49 15114.330101102  000          23          0  10
AE48840390010119       00001101 29 35  15730101104  000          3123        0  10
AE48870350010119       00001 39 28 10 17.330101204  000          2923           10
AE48660220010119       00001 72 35 28106.830101104  000          3123           10
AE49040280010124         7 9999999999  999401056    5            23             10
AE49290530010124       00001185 40 27  36730101101  000          23          0  10
AE49560560010124       00005144 39 29285.931101101  000          3123        2  10
AE49630280010124       00001130 34 24212.530101204  000          3123        0  10
AE47400970010126       11002 71 44 18 81.820501201  000          23             10
AE47400970020119       00002 72 48 27  14220601101  000          091723         10
AE55420570010119       00001121 38 26196.730101104  000          23          0  10
AE51560390010119       00001 44 19  5  5.931101111  000          232023      3  10
AE57970420010119       00001143 40 23  24130101101  000          3123        0  10
AE58010540010124       5 8 9999999999  19240704604  08           23          0  10
AE07150260010124       538 9999999999  99940 05  4  5            23          0  10
AE02850210010111  1623453729 57 44 36117.409        5  6495                  0  29
AE03400290010111  1648452001 43 35 23   4103 1 1 0 0000229537 20 31             23
AE12530200010105060227012002 82 53 45  2843399 5 0 9400114245 35 15             19
AE13080310010106050217000001 71 49 40150.203 2 6 0 0000229452 33                23
AE13170090110105060223000001 43 37 24 41.603 1 2 0 0000329343 39                23
AE18010260040105060233000006 45 28 26   393399 4 0 0400129535 21 15             19
AE25690110060106050326052009 48 46 39107.933 3 1 0 0400649599999915             19
AE42220130010106050312000001 29 20 20 12.9039999 0 0000122128 21                23
AE46580530060105060222012009 28 27 16 14.93399 2 0 040000949999990916           11
AE47401300040105060223302009 50 40 32 93.833 1 4 0 0400221245 37 15             19
AE59600320060111  1648053729 30 29 17   170399 1 0 05811491999999               23
